1e0|1e0
9.99e-1|9.99e-1
9.98001e-1|9.98001e-1
9.97002999e-1|9.97002999e-1
9.96005996001e-1|9.96005996001e-1
9.95009990004999e-1|9.95009990004999e-1
9.94014980014994e-1|9.940149800149941e-1
9.93020965034979e-1|9.93020965034979e-1
9.92027944069944e-1|9.920279440699441e-1
9.91035916125874e-1|9.910359161258742e-1
9.900448802097482e-1|9.900448802097483e-1
9.890548353295384e-1|9.890548353295385e-1
9.880657804942089e-1|9.88065780494209e-1
9.870777147137147e-1|9.870777147137147e-1
9.86090636999001e-1|9.860906369990011e-1
9.85104546362002e-1|9.851045463620021e-1
9.841194418156399e-1|9.841194418156402e-1
9.831353223738244e-1|9.831353223738245e-1
9.821521870514505e-1|9.821521870514507e-1
9.81170034864399e-1|9.811700348643992e-1
9.801888648295347e-1|9.801888648295348e-1
9.792086759647052e-1|9.792086759647053e-1
9.782294672887404e-1|9.782294672887407e-1
9.772512378214517e-1|9.772512378214518e-1
9.762739865836302e-1|9.762739865836305e-1
9.752977125970466e-1|9.752977125970469e-1
9.743224148844496e-1|9.743224148844498e-1
9.733480924695651e-1|9.733480924695653e-1
9.723747443770956e-1|9.723747443770958e-1
9.714023696327184e-1|9.714023696327186e-1
9.704309672630858e-1|9.70430967263086e-1
9.694605362958226e-1|9.694605362958229e-1
9.684910757595268e-1|9.684910757595271e-1
9.675225846837673e-1|9.675225846837675e-1
9.665550620990835e-1|9.665550620990838e-1
9.655885070369844e-1|9.655885070369847e-1
9.646229185299474e-1|9.646229185299477e-1
9.636582956114175e-1|9.636582956114178e-1
9.626946373158061e-1|9.626946373158065e-1
9.617319426784903e-1|9.617319426784906e-1
9.607702107358118e-1|9.607702107358121e-1
9.59809440525076e-1|9.598094405250763e-1
9.588496310845509e-1|9.588496310845513e-1
9.578907814534663e-1|9.578907814534667e-1
9.569328906720129e-1|9.569328906720133e-1
9.559759577813408e-1|9.559759577813411e-1
9.550199818235595e-1|9.5501998182356e-1
9.54064961841736e-1|9.540649618417363e-1
9.531108968798943e-1|9.531108968798947e-1
9.521577859830144e-1|9.521577859830147e-1
9.512056281970314e-1|9.512056281970317e-1
9.502544225688343e-1|9.502544225688347e-1
9.493041681462654e-1|9.493041681462658e-1
9.483548639781192e-1|9.483548639781196e-1
9.47406509114141e-1|9.474065091141416e-1
9.464591026050269e-1|9.464591026050273e-1
9.455126435024219e-1|9.455126435024225e-1
9.445671308589194e-1|9.4456713085892e-1
9.436225637280605e-1|9.436225637280611e-1
9.426789411643325e-1|9.426789411643329e-1
9.417362622231682e-1|9.417362622231686e-1
9.407945259609449e-1|9.407945259609455e-1
9.398537314349841e-1|9.398537314349845e-1
9.389138777035491e-1|9.389138777035495e-1
9.379749638258454e-1|9.37974963825846e-1
9.370369888620197e-1|9.370369888620201e-1
9.360999518731576e-1|9.360999518731582e-1
9.351638519212845e-1|9.351638519212849e-1
9.342286880693632e-1|9.342286880693638e-1
9.332944593812939e-1|9.332944593812943e-1
9.323611649219126e-1|9.323611649219131e-1
9.314288037569907e-1|9.314288037569911e-1
9.304973749532336e-1|9.304973749532341e-1
9.295668775782804e-1|9.295668775782809e-1
9.286373107007021e-1|9.286373107007028e-1
9.277086733900014e-1|9.27708673390002e-1
9.267809647166114e-1|9.26780964716612e-1
9.258541837518948e-1|9.258541837518953e-1
9.249283295681429e-1|9.249283295681435e-1
9.240034012385747e-1|9.240034012385753e-1
9.230793978373362e-1|9.230793978373368e-1
9.221563184394989e-1|9.221563184394995e-1
9.212341621210594e-1|9.2123416212106e-1
9.203129279589383e-1|9.203129279589389e-1
9.193926150309794e-1|9.1939261503098e-1
9.184732224159483e-1|9.18473222415949e-1
9.175547491935324e-1|9.175547491935332e-1
9.166371944443389e-1|9.166371944443396e-1
9.157205572498945e-1|9.157205572498953e-1
9.148048366926447e-1|9.148048366926455e-1
9.13890031855952e-1|9.138900318559527e-1
9.12976141824096e-1|9.129761418240967e-1
9.12063165682272e-1|9.120631656822727e-1
9.111511025165897e-1|9.111511025165904e-1
9.102399514140731e-1|9.102399514140738e-1
9.093297114626591e-1|9.093297114626597e-1
9.084203817511963e-1|9.084203817511971e-1
9.075119613694451e-1|9.075119613694459e-1
9.066044494080757e-1|9.066044494080765e-1
9.056978449586677e-1|9.056978449586685e-1
9.047921471137089e-1|9.047921471137097e-1
9.038873549665952e-1|9.03887354966596e-1
9.029834676116286e-1|9.029834676116295e-1
9.02080484144017e-1|9.020804841440179e-1
9.01178403659873e-1|9.011784036598738e-1
9.002772252562131e-1|9.00277225256214e-1
8.993769480309569e-1|8.993769480309578e-1
8.984775710829259e-1|8.984775710829268e-1
8.975790935118431e-1|8.975790935118438e-1
8.966815144183312e-1|8.96681514418332e-1
8.957848329039129e-1|8.957848329039138e-1
8.94889048071009e-1|8.948890480710098e-1
8.939941590229379e-1|8.939941590229389e-1
8.93100164863915e-1|8.931001648639159e-1
8.922070646990511e-1|8.922070646990519e-1
8.91314857634352e-1|8.913148576343529e-1
8.904235427767176e-1|8.904235427767185e-1
8.89533119233941e-1|8.895331192339418e-1
8.886435861147071e-1|8.88643586114708e-1
8.877549425285923e-1|8.877549425285931e-1
8.868671875860638e-1|8.868671875860648e-1
8.859803203984776e-1|8.859803203984786e-1
8.850943400780792e-1|8.850943400780802e-1
8.842092457380011e-1|8.84209245738002e-1
8.833250364922631e-1|8.83325036492264e-1
8.824417114557709e-1|8.824417114557718e-1
8.815592697443151e-1|8.81559269744316e-1
8.806777104745708e-1|8.806777104745717e-1
8.797970327640962e-1|8.797970327640972e-1
8.789172357313321e-1|8.789172357313331e-1
8.780383184956008e-1|8.780383184956018e-1
8.771602801771051e-1|8.771602801771061e-1
8.762831198969281e-1|8.762831198969291e-1
8.754068367770311e-1|8.754068367770321e-1
8.745314299402541e-1|8.745314299402551e-1
8.736568985103138e-1|8.736568985103148e-1
8.727832416118035e-1|8.727832416118045e-1
8.719104583701917e-1|8.719104583701928e-1
8.710385479118216e-1|8.710385479118226e-1
8.701675093639096e-1|8.701675093639107e-1
8.692973418545458e-1|8.692973418545469e-1
8.684280445126912e-1|8.684280445126923e-1
8.675596164681786e-1|8.675596164681796e-1
8.666920568517104e-1|8.666920568517114e-1
8.658253647948586e-1|8.658253647948597e-1
8.649595394300638e-1|8.649595394300649e-1
8.640945798906338e-1|8.640945798906349e-1
8.632304853107431e-1|8.632304853107442e-1
8.623672548254323e-1|8.623672548254334e-1
8.61504887570607e-1|8.615048875706081e-1
8.606433826830363e-1|8.606433826830375e-1
8.597827393003533e-1|8.597827393003543e-1
8.589229565610529e-1|8.589229565610541e-1
8.580640336044919e-1|8.580640336044931e-1
8.572059695708873e-1|8.572059695708886e-1
8.563487636013165e-1|8.563487636013176e-1
8.554924148377152e-1|8.554924148377163e-1
8.546369224228775e-1|8.546369224228786e-1
8.537822855004545e-1|8.537822855004558e-1
8.529285032149541e-1|8.529285032149553e-1
8.520755747117391e-1|8.520755747117403e-1
8.512234991370274e-1|8.512234991370285e-1
8.503722756378904e-1|8.503722756378916e-1
8.495219033622525e-1|8.495219033622537e-1
8.486723814588902e-1|8.486723814588915e-1
8.478237090774313e-1|8.478237090774325e-1
8.469758853683539e-1|8.469758853683552e-1
8.461289094829856e-1|8.461289094829868e-1
8.452827805735026e-1|8.452827805735038e-1
8.444374977929291e-1|8.444374977929303e-1
8.435930602951361e-1|8.435930602951375e-1
8.42749467234841e-1|8.427494672348423e-1
8.419067177676062e-1|8.419067177676074e-1
8.410648110498385e-1|8.410648110498398e-1
8.402237462387887e-1|8.4022374623879e-1
8.393835224925499e-1|8.393835224925511e-1
8.385441389700574e-1|8.385441389700588e-1
8.377055948310873e-1|8.377055948310886e-1
8.368678892362562e-1|8.368678892362575e-1
8.3603102134702e-1|8.360310213470213e-1
8.351949903256729e-1|8.351949903256742e-1
8.343597953353473e-1|8.343597953353487e-1
8.335254355400119e-1|8.335254355400133e-1
8.32691910104472e-1|8.326919101044732e-1
8.318592181943675e-1|8.318592181943689e-1
8.310273589761731e-1|8.310273589761744e-1
8.301963316171969e-1|8.301963316171983e-1
8.293661352855797e-1|8.29366135285581e-1
8.285367691502942e-1|8.285367691502955e-1
8.277082323811439e-1|8.277082323811452e-1
8.268805241487627e-1|8.26880524148764e-1
8.26053643624614e-1|8.260536436246152e-1
8.252275899809893e-1|8.252275899809907e-1
8.244023623910083e-1|8.244023623910097e-1
8.235779600286173e-1|8.235779600286187e-1
8.227543820685886e-1|8.2275438206859e-1
8.219316276865201e-1|8.219316276865215e-1
8.211096960588335e-1|8.211096960588349e-1
8.202885863627748e-1|8.202885863627762e-1
8.19468297776412e-1|8.194682977764133e-1
8.186488294786356e-1|8.186488294786369e-1
